0 0 47
1 1 47
2 2 47
3 3 47
4 4 47
5 5 47
6 6 47
7 7 47
8 8 47
9 9 47
10 10 47
11 11 47
12 12 47
13 13 47
14 14 47
15 15 47
16 16 47
17 17 47
18 18 47
19 19 47
20 20 47
21 21 47
22 22 47
23 23 47
24 24 47
25 25 47
26 26 47
27 27 47
28 28 47
29 29 47
30 30 47
31 31 47
32 32 47
33 33 47
34 34 47
35 35 47
36 36 47
37 37 47
38 38 47
39 39 47
40 40 47
41 41 47
42 42 47
43 43 47
44 44 47
45 45 47
46 46 47
47 47 47
48 48 47
49 49 47
50 50 47
51 51 47
52 52 47
53 53 47
54 54 47
55 55 47
56 56 47
57 57 47
58 58 47
59 59 47
60 60 47
61 61 47
62 62 47
63 63 47
64 64 47
65 65 47
66 66 47
67 67 47
68 68 47
69 69 47
70 70 47
71 71 47
72 72 47
73 73 47
74 74 47
75 75 47
76 76 47
77 77 47
78 78 47
79 79 47
80 80 47
81 81 47
82 82 47
83 83 47
84 84 47
85 85 47
86 86 47
87 87 47
88 88 47
89 89 47
90 90 47
91 91 47
92 92 47
93 93 47
94 94 47
95 95 47
96 96 47
97 97 47
98 98 47
99 99 47
100 100 47
101 101 47
102 102 47
103 103 47
104 104 47
105 105 47
106 106 47
107 107 47
108 108 47
109 109 47
110 110 47
111 111 47
112 112 47
113 113 47
114 114 47
115 115 47
116 116 47
117 117 47
118 118 47
119 119 47
120 120 47
121 121 47
122 122 47
123 123 47
124 124 47
125 125 47
126 126 47
127 127 47
128 128 47
129 129 47
130 130 47
131 131 47
132 132 47
133 133 47
134 134 47
135 135 47
136 136 47
137 137 47
138 138 47
139 139 47
140 140 47
141 141 47
142 142 47
143 143 47
144 144 47
145 145 47
146 146 47
147 147 47
148 148 47
149 149 47
150 150 47
151 151 47
152 152 47
153 153 47
154 154 47
155 155 47
156 156 47
157 157 47
158 158 47
159 159 47
160 160 47
161 161 47
162 162 47
163 163 47
164 164 47
165 165 47
166 166 47
167 167 47
168 168 47
169 169 47
170 170 47
171 171 47
172 172 47
173 173 47
174 174 47
175 175 47
176 176 47
177 177 47
178 178 47
179 179 47
180 180 47
181 181 47
182 182 47
183 183 47
184 184 47
185 185 47
186 186 47
187 187 47
188 188 47
189 189 47
190 190 47
191 191 47
192 192 47
193 193 47
194 194 47
195 195 47
196 196 47
197 197 47
198 198 47
199 199 47
200 200 47
201 201 47
202 202 47
203 203 47
204 204 47
205 205 47
206 206 47
207 207 47
208 208 47
209 209 47
210 210 47
211 211 47
212 212 47
213 213 47
214 214 47
215 215 47
216 216 47
217 217 47
218 218 47
219 219 47
220 220 47
221 221 47
222 222 47
223 223 47
224 224 47
225 225 47
226 226 47
227 227 47
228 228 47
229 229 47
230 230 47
231 231 47
232 232 47
233 233 47
234 234 47
235 235 47
236 236 47
237 237 47
238 238 47
239 239 47
240 240 47
241 241 47
242 242 47
243 243 47
244 244 47
245 245 47
246 246 47
247 247 47
248 248 47
249 249 47
250 250 47
251 251 47
252 252 47
253 253 47
254 254 47
255 255 47
256 256 47
257 257 47
258 258 47
259 259 47
260 260 47
261 261 47
262 262 47
263 263 47
264 264 47
265 265 47
266 266 47
267 267 47
268 268 47
269 269 47
270 270 47
271 271 47
272 272 47
273 273 47
274 274 47
275 275 47
276 276 47
277 277 47
278 278 47
279 279 47
280 280 47
281 281 47
282 282 47
283 283 47
284 284 47
285 285 47
286 286 47
287 287 47
288 288 47
289 289 47
290 290 47
291 291 47
292 292 47
293 293 47
294 294 47
295 295 47
296 296 47
297 297 47
298 298 47
299 299 47
300 300 47
301 301 47
302 302 47
303 303 47
304 304 47
305 305 47
306 306 47
307 307 47
308 308 47
309 309 47
310 310 47
311 311 47
312 312 47
313 313 47
314 314 47
315 315 47
316 316 47
317 317 47
318 318 47
319 319 47
320 320 47
321 321 47
322 322 47
323 323 47
324 324 47
325 325 47
326 326 47
327 327 47
328 328 47
329 329 47
330 330 47
331 331 47
332 332 47
333 333 47
334 334 47
335 335 47
336 336 47
337 337 47
338 338 47
339 339 47
340 340 47
341 341 47
342 342 47
343 343 47
344 344 47
345 345 47
346 346 47
347 347 47
348 348 47
349 349 47
350 350 47
351 351 47
352 352 47
353 353 47
354 354 47
355 355 47
356 356 47
357 357 47
358 358 47
359 359 47
360 360 47
361 361 47
362 362 47
363 363 47
364 364 47
365 365 47
366 366 47
367 367 47
368 368 47
369 369 47
370 370 47
371 371 47
372 372 47
373 373 47
374 374 47
375 375 47
376 376 47
377 377 47
378 378 47
379 379 47
380 380 47
381 381 47
382 382 47
383 383 47
384 384 47
385 385 47
386 386 47
387 387 47
388 388 47
389 389 47
390 390 47
391 391 47
392 392 47
393 393 47
394 394 47
395 395 47
396 396 47
397 397 47
398 398 47
399 399 47
400 400 47
401 401 47
402 402 47
403 403 47
404 404 47
405 405 47
406 406 47
407 407 47
408 408 47
409 409 47
410 410 47
411 411 47
412 412 47
413 413 47
414 414 47
415 415 47
416 416 47
417 417 47
418 418 47
419 419 47
420 420 47
421 421 47
422 422 47
423 423 47
424 424 47
425 425 47
426 426 47
427 427 47
428 428 47
429 429 47
430 430 47
431 431 47
432 432 47
433 433 47
434 434 47
435 435 47
436 436 47
437 437 47
438 438 47
439 439 47
440 440 47
441 441 47
442 442 47
443 443 47
444 444 47
445 445 47
446 446 47
447 447 47
448 448 47
449 449 47
450 450 47
451 451 47
452 452 47
453 453 47
454 454 47
455 455 47
456 456 47
457 457 47
458 458 47
459 459 47
460 460 47
461 461 47
462 462 47
463 463 47
464 464 47
465 465 47
466 466 47
467 467 47
468 468 47
469 469 47
470 470 47
471 471 47
472 472 47
473 473 47
474 474 47
475 475 47
476 476 47
477 477 47
478 478 47
479 479 47
480 480 47
481 481 47
482 482 47
483 483 47
484 484 47
485 485 47
486 486 47
487 487 47
488 488 47
489 489 47
490 490 47
491 491 47
492 492 47
493 493 47
494 494 47
495 495 47
496 496 47
497 497 47
498 498 47
499 499 47
500 500 47
501 501 47
502 502 47
503 503 47
504 504 47
505 505 47
506 506 47
507 507 47
508 508 47
509 509 47
510 510 47
511 511 47
512 512 47
513 513 47
514 514 47
515 515 47
516 516 47
517 517 47
518 518 47
519 519 47
520 520 47
521 521 47
522 522 47
523 523 47
524 524 47
525 525 47
526 526 47
527 527 47
528 528 47
529 529 47
530 530 47
531 531 47
532 532 47
533 533 47
534 534 47
535 535 47
536 536 47
537 537 47
538 538 47
539 539 47
540 540 47
541 541 47
542 542 47
543 543 47
544 544 47
545 545 47
546 546 47
547 547 47
548 548 47
549 549 47
550 550 47
551 551 47
552 552 47
553 553 47
554 554 47
555 555 47
556 556 47
557 557 47
558 558 47
559 559 47
560 560 47
561 561 47
562 562 47
563 563 47
564 564 47
565 565 47
566 566 47
567 567 47
568 568 47
569 569 47
570 570 47
571 571 47
572 572 47
573 573 47
574 574 47
575 575 47
576 576 47
577 577 47
578 578 47
579 579 47
580 580 47
581 581 47
582 582 47
583 583 47
584 584 47
585 585 47
586 586 47
587 587 47
588 588 47
589 589 47
590 590 47
591 591 47
592 592 47
593 593 47
594 594 47
595 595 47
596 596 47
597 597 47
598 598 47
599 599 47
600 600 47
601 601 47
602 602 47
603 603 47
604 604 47
605 605 47
606 606 47
607 607 47
608 608 47
609 609 47
610 610 47
611 611 47
612 612 47
613 613 47
614 614 47
615 615 47
616 616 47
617 617 47
618 618 47
619 619 47
620 620 47
621 621 47
622 622 47
623 623 47
624 624 47
625 625 47
626 626 47
627 627 47
628 628 47
629 629 47
630 630 47
631 631 47
632 632 47
633 633 47
634 634 47
635 635 47
636 636 47
637 637 47
638 638 47
639 639 47
640 640 47
641 641 47
642 642 47
643 643 47
644 644 47
645 645 47
646 646 47
647 647 47
648 648 47
649 649 47
650 650 47
651 651 47
652 652 47
653 653 47
654 654 47
655 655 47
656 656 47
657 657 47
658 658 47
659 659 47
660 660 47
661 661 47
662 662 47
663 663 47
664 664 47
665 665 47
666 666 47
667 667 47
668 668 47
669 669 47
670 670 47
671 671 47
672 672 47
673 673 47
674 674 47
675 675 47
676 676 47
677 677 47
678 678 47
679 679 47
680 680 47
681 681 47
682 682 47
683 683 47
684 684 47
685 685 47
686 686 47
687 687 47
688 688 47
689 689 47
690 690 47
691 691 47
692 692 47
693 693 47
694 694 47
695 695 47
696 696 47
697 697 47
698 698 47
699 699 47
700 700 47
701 701 47
702 702 47
703 703 47
704 704 47
705 705 47
706 706 47
707 707 47
708 708 47
709 709 47
710 710 47
711 711 47
712 712 47
713 713 47
714 714 47
715 715 47
716 716 47
717 717 47
718 718 47
719 719 47
720 720 47
721 721 47
722 722 47
723 723 47
724 724 47
725 725 47
726 726 47
727 727 47
728 728 47
729 729 47
730 730 47
731 731 47
732 732 47
733 733 47
734 734 47
735 735 47
736 736 47
737 737 47
738 738 47
739 739 47
740 740 47
741 741 47
742 742 47
743 743 47
744 744 47
745 745 47
746 746 47
747 747 47
748 748 47
749 749 47
750 750 47
751 751 47
752 752 47
753 753 47
754 754 47
755 755 47
756 756 47
757 757 47
758 758 47
759 759 47
760 760 47
761 761 47
762 762 47
763 763 47
764 764 47
765 765 47
766 766 47
767 767 47
768 768 47
769 769 47
770 770 47
771 771 47
772 772 47
773 773 47
774 774 47
775 775 47
776 776 47
777 777 47
778 778 47
779 779 47
780 780 47
781 781 47
782 782 47
783 783 47
784 784 47
785 785 47
786 786 47
787 787 47
788 788 47
789 789 47
790 790 47
791 791 47
792 792 47
793 793 47
794 794 47
795 795 47
796 796 47
797 797 47
798 798 47
799 799 47
800 800 47
801 801 47
802 802 47
803 803 47
804 804 47
805 805 47
806 806 47
807 807 47
808 808 47
809 809 47
810 810 47
811 811 47
812 812 47
813 813 47
814 814 47
815 815 47
816 816 47
817 817 47
818 818 47
819 819 47
820 820 47
821 821 47
822 822 47
823 823 47
824 824 47
825 825 47
826 826 47
827 827 47
828 828 47
829 829 47
830 830 47
831 831 47
832 832 47
833 833 47
834 834 47
835 835 47
836 836 47
837 837 47
838 838 47
839 839 47
840 840 47
841 841 47
842 842 47
843 843 47
844 844 47
845 845 47
846 846 47
847 847 47
848 848 47
849 849 47
850 850 47
851 851 47
852 852 47
853 853 47
854 854 47
855 855 47
856 856 47
857 857 47
858 858 47
859 859 47
860 860 47
861 861 47
862 862 47
863 863 47
864 864 47
865 865 47
866 866 47
867 867 47
868 868 47
869 869 47
870 870 47
871 871 47
872 872 47
873 873 47
874 874 47
875 875 47
876 876 47
877 877 47
878 878 47
879 879 47
880 880 47
881 881 47
882 882 47
883 883 47
884 884 47
885 885 47
886 886 47
887 887 47
888 888 47
889 889 47
890 890 47
891 891 47
892 892 47
893 893 47
894 894 47
895 895 47
896 896 47
897 897 47
898 898 47
899 899 47
900 900 47
901 901 47
902 902 47
903 903 47
904 904 47
905 905 47
906 906 47
907 907 47
908 908 47
909 909 47
910 910 47
911 911 47
912 912 47
913 913 47
914 914 47
915 915 47
916 916 47
917 917 47
918 918 47
919 919 47
920 920 47
921 921 47
922 922 47
923 923 47
924 924 47
925 925 47
926 926 47
927 927 47
928 928 47
929 929 47
930 930 47
931 931 47
932 932 47
933 933 47
934 934 47
935 935 47
936 936 47
937 937 47
938 938 47
939 939 47
940 940 47
941 941 47
942 942 47
943 943 47
944 944 47
945 945 47
946 946 47
947 947 47
948 948 47
949 949 47
950 950 47
951 951 47
952 952 47
953 953 47
954 954 47
955 955 47
956 956 47
957 957 47
958 958 47
959 959 47
960 960 47
961 961 47
962 962 47
963 963 47
964 964 47
965 965 47
966 966 47
967 967 47
968 968 47
969 969 47
970 970 47
971 971 47
972 972 47
973 973 47
974 974 47
975 975 47
976 976 47
977 977 47
978 978 47
979 979 47
980 980 47
981 981 47
982 982 47
983 983 47
984 984 47
985 985 47
986 986 47
987 987 47
988 988 47
989 989 47
990 990 47
991 991 47
992 992 47
993 993 47
994 994 47
995 995 47
996 996 47
997 997 47
998 998 47
999 999 47
1000 1000 47
1001 1001 47
1002 1002 47
1003 1003 47
1004 1004 47
1005 1005 47
1006 1006 47
1007 1007 47
1008 1008 47
1009 1009 47
1010 1010 47
1011 1011 47
1012 1012 47
1013 1013 47
1014 1014 47
1015 1015 47
1016 1016 47
1017 1017 47
1018 1018 47
1019 1019 47
1020 1020 47
1021 1021 47
1022 1022 47
1023 1023 47
1024 1024 47
1025 1025 47
1026 1026 47
1027 1027 47
1028 1028 47
1029 1029 47
1030 1030 47
1031 1031 47
1032 1032 47
1033 1033 47
1034 1034 47
1035 1035 47
1036 1036 47
1037 1037 47
1038 1038 47
1039 1039 47
1040 1040 47
1041 1041 47
1042 1042 47
1043 1043 47
1044 1044 47
1045 1045 47
1046 1046 47
1047 1047 47
1048 1048 47
1049 1049 47
1050 1050 47
1051 1051 47
1052 1052 47
1053 1053 47
1054 1054 47
1055 1055 47
1056 1056 47
1057 1057 47
1058 1058 47
1059 1059 47
1060 1060 47
1061 1061 47
1062 1062 47
1063 1063 47
1064 1064 47
1065 1065 47
1066 1066 47
1067 1067 47
1068 1068 47
1069 1069 47
1070 1070 47
1071 1071 47
1072 1072 47
1073 1073 47
1074 1074 47
1075 1075 47
1076 1076 47
1077 1077 47
1078 1078 47
1079 1079 47
1080 1080 47
1081 1081 47
1082 1082 47
1083 1083 47
1084 1084 47
1085 1085 47
1086 1086 47
1087 1087 47
1088 1088 47
1089 1089 47
1090 1090 47
1091 1091 47
1092 1092 47
1093 1093 47
1094 1094 47
1095 1095 47
1096 1096 47
1097 1097 47
1098 1098 47
1099 1099 47
1100 1100 47
1101 1101 47
1102 1102 47
1103 1103 47
1104 1104 47
1105 1105 47
1106 1106 47
1107 1107 47
1108 1108 47
1109 1109 47
1110 1110 47
1111 1111 47
1112 1112 47
1113 1113 47
1114 1114 47
1115 1115 47
1116 1116 47
1117 1117 47
1118 1118 47
1119 1119 47
1120 1120 47
1121 1121 47
1122 1122 47
1123 1123 47
1124 1124 47
1125 1125 47
1126 1126 47
1127 1127 47
1128 1128 47
1129 1129 47
1130 1130 47
1131 1131 47
1132 1132 47
1133 1133 47
1134 1134 47
1135 1135 47
1136 1136 47
1137 1137 47
1138 1138 47
1139 1139 47
1140 1140 47
1141 1141 47
1142 1142 47
1143 1143 47
1144 1144 47
1145 1145 47
1146 1146 47
1147 1147 47
1148 1148 47
1149 1149 47
1150 1150 47
1151 1151 47
1152 1152 47
1153 1153 47
1154 1154 47
1155 1155 47
1156 1156 47
1157 1157 47
1158 1158 47
1159 1159 47
1160 1160 47
1161 1161 47
1162 1162 47
1163 1163 47
1164 1164 47
1165 1165 47
1166 1166 47
1167 1167 47
1168 1168 47
1169 1169 47
1170 1170 47
1171 1171 47
1172 1172 47
1173 1173 47
1174 1174 47
1175 1175 47
1176 1176 47
1177 1177 47
1178 1178 47
1179 1179 47
1180 1180 47
1181 1181 47
1182 1182 47
1183 1183 47
1184 1184 47
1185 1185 47
1186 1186 47
1187 1187 47
1188 1188 47
1189 1189 47
1190 1190 47
1191 1191 47
1192 1192 47
1193 1193 47
1194 1194 47
1195 1195 47
1196 1196 47
1197 1197 47
1198 1198 47
1199 1199 47
1200 1200 47
1201 1201 47
1202 1202 47
1203 1203 47